      0 19.8162       0 13.8734
        0   19.8162 -0.110987   13.8734
        0   19.8162 -0.221975   13.8734
        0   19.8162 -0.332962   13.8734
       0  19.8162 -0.44395  13.8734
        0   19.8162 -0.554937   13.8734
        0   19.8162 -0.665925   13.8734
        0   19.8162 -0.776912   13.8734
      0 19.8162 -0.8879 13.8734
        0   19.8162 -0.998887   13.8734
       0  19.8162 -1.10987  13.8734
       0  19.8162 -1.22086  13.8734
       0  19.8162 -1.33185  13.8734
       0  19.8162 -1.44284  13.8734
       0  19.8162 -1.55382  13.8734
       0  19.8162 -1.66481  13.8734
      0 19.8162 -1.7758 13.8734
       0  19.8162 -1.88679  13.8734
       0  19.8162 -1.99777  13.8734
       0  19.8162 -2.10876  13.8734
       0  19.8162 -2.21975  13.8734
       0  19.8162 -2.33074  13.8734
       0  19.8162 -2.44172  13.8734
       0  19.8162 -2.55271  13.8734
      0 19.8162 -2.6637 13.8734
       0  19.8162 -2.77469  13.8734
       0  19.8162 -2.88567  13.8734
       0  19.8162 -2.99666  13.8734
       0  19.8162 -3.10765  13.8734
       0  19.8162 -3.21864  13.8734
       0  19.8162 -3.32962  13.8734
       0  19.8162 -3.44061  13.8734
      0 19.8162 -3.5516 13.8734
       0  19.8162 -3.66259  13.8734
       0  19.8162 -3.77357  13.8734
       0  19.8162 -3.88456  13.8734
       0  19.8162 -3.99555  13.8734
       0  19.8162 -4.10654  13.8734
       0  19.8162 -4.21752  13.8734
       0  19.8162 -4.32851  13.8734
      0 19.8162 -4.4395 13.8734
       0  19.8162 -4.55049  13.8734
       0  19.8162 -4.66147  13.8734
       0  19.8162 -4.77246  13.8734
       0  19.8162 -4.88345  13.8734
       0  19.8162 -4.99444  13.8734
       0  19.8162 -5.10542  13.8734
       0  19.8162 -5.21641  13.8734
      0 19.8162 -5.3274 13.8734
       0  19.8162 -5.43839  13.8734
       0  19.8162 -5.54937  13.8734
       0  19.8162 -5.66036  13.8734
       0  19.8162 -5.77135  13.8734
       0  19.8162 -5.88234  13.8734
       0  19.8162 -5.99332  13.8734
       0  19.8162 -6.10431  13.8734
      0 19.8162 -6.2153 13.8734
       0  19.8162 -6.32629  13.8734
       0  19.8162 -6.43727  13.8734
       0  19.8162 -6.54826  13.8734
       0  19.8162 -6.65925  13.8734
       0  19.8162 -6.77024  13.8734
       0  19.8162 -6.88122  13.8734
       0  19.8162 -6.99221  13.8734
      0 19.8162 -7.1032 13.8734
       0  19.8162 -7.21419  13.8734
       0  19.8162 -7.32517  13.8734
       0  19.8162 -7.43616  13.8734
       0  19.8162 -7.54715  13.8734
       0  19.8162 -7.65814  13.8734
       0  19.8162 -7.76912  13.8734
       0  19.8162 -7.88011  13.8734
      0 19.8162 -7.9911 13.8734
       0  19.8162 -8.10209  13.8734
       0  19.8162 -8.21307  13.8734
       0  19.8162 -8.32406  13.8734
       0  19.8162 -8.43505  13.8734
       0  19.8162 -8.54604  13.8734
       0  19.8162 -8.65702  13.8734
       0  19.8162 -8.76801  13.8734
      0 19.8162  -8.879 13.8734
       0  19.8162 -8.98999  13.8734
       0  19.8162 -9.10097  13.8734
       0  19.8162 -9.21196  13.8734
       0  19.8162 -9.32295  13.8734
       0  19.8162 -9.43394  13.8734
       0  19.8162 -9.54492  13.8734
       0  19.8162 -9.65591  13.8734
      0 19.8162 -9.7669 13.8734
       0  19.8162 -9.87789  13.8734
       0  19.8162 -9.98887  13.8734
       0  19.8162 -10.0999  13.8734
       0  19.8162 -10.2108  13.8734
       0  19.8162 -10.3218  13.8734
       0  19.8162 -10.4328  13.8734
       0  19.8162 -10.5438  13.8734
       0  19.8162 -10.6548  13.8734
       0  19.8162 -10.7658  13.8734
       0  19.8162 -10.8768  13.8734
       0  19.8162 -10.9878  13.8734
       0  19.8162 -11.0987  13.8734
       0  19.8162 -11.2097  13.8734
       0  19.8162 -11.3207  13.8734
       0  19.8162 -11.4317  13.8734
       0  19.8162 -11.5427  13.8734
       0  19.8162 -11.6537  13.8734
       0  19.8162 -11.7647  13.8734
       0  19.8162 -11.8757  13.8734
       0  19.8162 -11.9866  13.8734
       0  19.8162 -12.0976  13.8734
       0  19.8162 -12.2086  13.8734
       0  19.8162 -12.3196  13.8734
       0  19.8162 -12.4306  13.8734
       0  19.8162 -12.5416  13.8734
       0  19.8162 -12.6526  13.8734
       0  19.8162 -12.7636  13.8734
       0  19.8162 -12.8745  13.8734
       0  19.8162 -12.9855  13.8734
       0  19.8162 -13.0965  13.8734
       0  19.8162 -13.2075  13.8734
       0  19.8162 -13.3185  13.8734
       0  19.8162 -13.4295  13.8734
       0  19.8162 -13.5405  13.8734
       0  19.8162 -13.6515  13.8734
       0  19.8162 -13.7624  13.8734
       0  19.8162 -13.8734  13.8734
       0  19.8162 -13.9844  13.8734
       0  19.8162 -14.0954  13.8734
       0  19.8162 -14.2064  13.8734
       0  19.8162 -14.3174  13.8734
       0  19.8162 -14.4284  13.8734
       0  19.8162 -14.5394  13.8734
       0  19.8162 -14.6503  13.8734
       0  19.8162 -14.7613  13.8734
       0  19.8162 -14.8723  13.8734
       0  19.8162 -14.9833  13.8734
       0  19.8162 -15.0943  13.8734
       0  19.8162 -15.2053  13.8734
       0  19.8162 -15.3163  13.8734
       0  19.8162 -15.4273  13.8734
       0  19.8162 -15.5382  13.8734
       0  19.8162 -15.6492  13.8734
       0  19.8162 -15.7602  13.8734
       0  19.8162 -15.8712  13.8734
       0  19.8162 -15.9822  13.8734
       0  19.8162 -16.0932  13.8734
       0  19.8162 -16.2042  13.8734
       0  19.8162 -16.3152  13.8734
       0  19.8162 -16.4261  13.8734
       0  19.8162 -16.5371  13.8734
       0  19.8162 -16.6481  13.8734
       0  19.8162 -16.7591  13.8734
       0  19.8162 -16.8701  13.8734
       0  19.8162 -16.9811  13.8734
       0  19.8162 -17.0921  13.8734
       0  19.8162 -17.2031  13.8734
      0 19.8162 -17.314 13.8734
      0 19.8162 -17.425 13.8734
      0 19.8162 -17.536 13.8734
      0 19.8162 -17.647 13.8734
      0 19.8162 -17.758 13.8734
      0 19.8162 -17.869 13.8734
      0 19.8162  -17.98 13.8734
      0 19.8162 -18.091 13.8734
       0  19.8162 -18.2019  13.8734
       0  19.8162 -18.3129  13.8734
       0  19.8162 -18.4239  13.8734
       0  19.8162 -18.5349  13.8734
       0  19.8162 -18.6459  13.8734
       0  19.8162 -18.7569  13.8734
       0  19.8162 -18.8679  13.8734
       0  19.8162 -18.9789  13.8734
       0  19.8162 -19.0898  13.8734
       0  19.8162 -19.2008  13.8734
       0  19.8162 -19.3118  13.8734
       0  19.8162 -19.4228  13.8734
       0  19.8162 -19.5338  13.8734
       0  19.8162 -19.6448  13.8734
       0  19.8162 -19.7558  13.8734
       0  19.8162 -19.8668  13.8734
       0  19.8162 -19.9777  13.8734
       0  19.8162 -20.0887  13.8734
       0  19.8162 -20.1997  13.8734
       0  19.8162 -20.3107  13.8734
       0  19.8162 -20.4217  13.8734
       0  19.8162 -20.5327  13.8734
       0  19.8162 -20.6437  13.8734
       0  19.8162 -20.7547  13.8734
       0  19.8162 -20.8656  13.8734
       0  19.8162 -20.9766  13.8734
       0  19.8162 -21.0876  13.8734
       0  19.8162 -21.1986  13.8734
       0  19.8162 -21.3096  13.8734
       0  19.8162 -21.4206  13.8734
       0  19.8162 -21.5316  13.8734
       0  19.8162 -21.6426  13.8734
       0  19.8162 -21.7535  13.8734
       0  19.8162 -21.8645  13.8734
       0  19.8162 -21.9755  13.8734
       0  19.8162 -22.0865  13.8734
       0  19.8162 -22.1975  13.8734
       0  19.8162 -22.3085  13.8734
       0  19.8162 -22.4195  13.8734
       0  19.8162 -22.5305  13.8734
       0  19.8162 -22.6414  13.8734
       0  19.8162 -22.7524  13.8734
       0  19.8162 -22.8634  13.8734
       0  19.8162 -22.9744  13.8734
       0  19.8162 -23.0854  13.8734
       0  19.8162 -23.1964  13.8734
       0  19.8162 -23.3074  13.8734
       0  19.8162 -23.4184  13.8734
       0  19.8162 -23.5293  13.8734
       0  19.8162 -23.6403  13.8734
       0  19.8162 -23.7513  13.8734
       0  19.8162 -23.8623  13.8734
       0  19.8162 -23.9733  13.8734
       0  19.8162 -24.0843  13.8734
       0  19.8162 -24.1953  13.8734
       0  19.8162 -24.3063  13.8734
       0  19.8162 -24.4172  13.8734
       0  19.8162 -24.5282  13.8734
       0  19.8162 -24.6392  13.8734
       0  19.8162 -24.7502  13.8734
       0  19.8162 -24.8612  13.8734
       0  19.8162 -24.9722  13.8734
       0  19.8162 -25.0832  13.8734
       0  19.8162 -25.1942  13.8734
       0  19.8162 -25.3051  13.8734
       0  19.8162 -25.4161  13.8734
       0  19.8162 -25.5271  13.8734
       0  19.8162 -25.6381  13.8734
       0  19.8162 -25.7491  13.8734
       0  19.8162 -25.8601  13.8734
       0  19.8162 -25.9711  13.8734
       0  19.8162 -26.0821  13.8734
      0 19.8162 -26.193 13.8734
      0 19.8162 -26.304 13.8734
      0 19.8162 -26.415 13.8734
      0 19.8162 -26.526 13.8734
      0 19.8162 -26.637 13.8734
      0 19.8162 -26.748 13.8734
      0 19.8162 -26.859 13.8734
      0 19.8162  -26.97 13.8734
       0  19.8162 -27.0809  13.8734
       0  19.8162 -27.1919  13.8734
       0  19.8162 -27.3029  13.8734
       0  19.8162 -27.4139  13.8734
       0  19.8162 -27.5249  13.8734
       0  19.8162 -27.6359  13.8734
       0  19.8162 -27.7469  13.8734
